Name;Coord;TamBy;Relax
Малиновка;53.849964, 27.474631;29;26865
Петровщина;53.864667, 27.486104;14;26965
Михалово;53.876700, 27.496804;13;26875
Грушевка;53.886694, 27.514791;12;26815
Институт культуры;53.886235, 27.537621;11;26825
Площадь Ленина;53.891826, 27.548380;10;26975
Октябрьская;53.902111, 27.561977;9;26855
Площадь Победы;53.909188, 27.575832;8;26985
Площадь Якуба Коласа;53.915784, 27.583947;7;26995
Академия наук;53.921937, 27.599119;6;26785
Парк Челюскинцев;53.924289, 27.613478;5;26935
Московская;53.928013, 27.627805;4;26905
Восток;53.934510, 27.651417;3;26805
Борисовский тракт;53.938540, 27.665841;2;26795
Уручье;53.945486, 27.687974;1;27045
------------
Каменная горка;53.906931, 27.436488;28;26835
Кунцевщина;53.906256, 27.453883;27;26845
Спортивная;53.908562, 27.480801;26;27025
Пушкинская;53.909547, 27.495556;25;27015
Молодёжная;53.906407, 27.523744;24;26895
Фрунзенская;53.905349, 27.539398;23;27055
Немига;53.905790, 27.554043;22;26915
Купаловская;53.900881, 27.561758;21;31763
Первомайская;53.893809, 27.570289;20;26955
Пролетарская;53.890461, 27.585401;19;27005
Тракторный завод;53.889975, 27.614493;18;27035
Партизанская;53.875776, 27.628972;17;26945
Автозаводская;53.869433, 27.647169;16;26775
Могилёвская;53.861936, 27.674359;15;26885
---------
https://tam.by/eda/restorany-kafe/
https://tam.by/krasota/parikmaherskie/
https://tam.by/krasota/salony-krasoty/